17.1662
0.0072
0.2442
0.0179
0.0561
0.0160
0.0226
0.2447
0.2178
0.2233
0.0628
0.0215
0.7384
1.3734
1.5124
0.1549
0.5516
0.4594
0.3322
0.1847
0.1348
0.1663
0.1153
0.1030
0.1054
0.1024
0.4354
0.1214
0.1225
0.0227
0.1242
0.1474
0.0073
0.3132
0.2163
0.3906
0.3151
0.2673
0.1416
0.1876
0.2321
0.3211
0.1726
0.0687
0.1884
0.3529
0.2085
0.1842
0.2614
0.0316
0.2519
0.4003
0.3322
0.0814
0.0892
0.2527
0.0343
0.0304
0.0076
0.0086
0.0016
0.0088
0.0003
0.1159
0.0009
5.1880
1.0195
2.1129
2.5071
8.5771
1.3725
1.5597
2.7444
4.9019
0.0867
0.6753
3.1750
1.6437
4.9701
5.7701
1.5482
0.0747
4.2586
4.3686
6.3700
2.0999
0.8462
1.3034
0.1950
1.1330
0.0596
0.0026
0.0007
0.0026
0.0003